# PHP基礎演習問題（反復構造）

## 1. for_ex1.php

以下のようなプログラムを作成してください。

- 1～100までの整数を画面に表示してください。
- 3の倍数の場合は、数字の横に`Fizz`と表示してください。
- 5の倍数の場合は、数字の横に`Buzz`と表示してください。
- 15の倍数の場合は、数字の横に`FizzBuzz`と表示してください。

```console
> php for_ex1.php
1
2
3Fizz
4
5Buzz
6Fizz
~ 省略 ~
14
15FizzBuzz
16
~ 省略 ~
99Fizz
100Buzz
```

<hr>

## 2. for_ex2.php

九九の表を出力してください。表はきれいに整形しなくても大丈夫です。

```console
> php for_ex2.php
   1  2  3  4  5  6  7  8  9
1  1  2  3  4  5  6  7  8  9
2  2  4  6  8 10 12 14 16 18
3  3  6  9 12 15 18 21 24 27
4  4  8 12 16 20 24 28 32 36
5  5 10 15 20 25 30 35 40 45
6  6 12 18 24 30 36 42 48 54
7  7 14 21 28 35 42 49 56 63
8  8 16 24 32 40 48 56 64 72
9  9 18 27 36 45 54 63 72 81
```

<hr>

## 3. for_ex3.php

以下のような図を表示してください。

```console
> php for_ex3.php
     *
    **
   ***
  ****
 *****
```

<hr>

## 4. for_ex4.php

以下のようなピラミッドを表示してください。

```console
> php for_ex4.php
     *
    ***
   *****
  *******
 *********
```

<hr>

## 5. for_ex5.php

以下のようなピラミッドを表示してください。

```console
> php for_ex5.php
 *********
  *******
   *****
    ***
     *
```